{
  "scan_folder": "2025_11_10_21_44_21",
  "frame_count": 341,
  "poses": [
    {
      "frame_index": 0,
      "cameraPoseARFrame": [
        -0.19133692979812622,
        0.949074923992157,
        -0.2502928376197815,
        2.245119094848633,
        -0.8711315393447876,
        -0.04670949652791023,
        0.48882266879081726,
        0.16711151599884033,
        0.45223841071128845,
        0.31156790256500244,
        0.8357065320014954,
        -0.5643925070762634,
        0,
        0,
        0,
        0.9999997615814209
      ],
      "intrinsics": [
        1334.9683837890625,
        0,
        966.1895141601562,
        0,
        1334.9683837890625,
        722.22216796875,
        0,
        0,
        1
      ],
      "time": 296213.25020191673
    },
    {
      "frame_index": 7,
      "cameraPoseARFrame": [
        0.036797214299440384,
        0.9961032867431641,
        0.08014963567256927,
        2.147998571395874,
        -0.9311118721961975,
        0.0050515709444880486,
        0.3646983802318573,
        0.22542960941791534,
        0.36287248134613037,
        -0.08804816007614136,
        0.9276696443557739,
        -0.8974315524101257,
        0,
        0,
        0,
        0.9999998807907104
      ],
      "intrinsics": [
        1335.6055908203125,
        0,
        966.1538696289062,
        0,
        1335.6055908203125,
        722.8342895507812,
        0,
        0,
        1
      ],
      "time": 296213.77796379174
    },
    {
      "frame_index": 13,
      "cameraPoseARFrame": [
        0.09483081847429276,
        0.9787589311599731,
        0.18176281452178955,
        2.0969583988189697,
        -0.8986552953720093,
        0.005614807829260826,
        0.4386191964149475,
        0.19998951256275177,
        0.4282820224761963,
        -0.20493675768375397,
        0.8800996541976929,
        -1.1826030015945435,
        0,
        0,
        0,
        0.9999998807907104
      ],
      "intrinsics": [
        1335.584716796875,
        0,
        965.9757690429688,
        0,
        1335.584716796875,
        722.9215698242188,
        0,
        0,
        1
      ],
      "time": 296214.2787317501
    },
    {
      "frame_index": 19,
      "cameraPoseARFrame": [
        0.0870407223701477,
        0.9790173172950745,
        0.1842517852783203,
        1.9883160591125488,
        -0.8432733416557312,
        -0.026063794270157814,
        0.5368523001670837,
        0.14294107258319855,
        0.5303901433944702,
        -0.20210258662700653,
        0.8233108520507812,
        -1.3765183687210083,
        0,
        0,
        0,
        0.9999998807907104
      ],
      "intrinsics": [
        1334.4144287109375,
        0,
        966.1615600585938,
        0,
        1334.4144287109375,
        722.6847534179688,
        0,
        0,
        1
      ],
      "time": 296214.77940204175
    },
    {
      "frame_index": 25,
      "cameraPoseARFrame": [
        0.2869700491428375,
        0.8811232447624207,
        0.3758584260940552,
        1.8912677764892578,
        -0.7697612047195435,
        -0.02143687941133976,
        0.6379714012145996,
        0.07799649238586426,
        0.5701889395713806,
        -0.4723999500274658,
        0.6721029877662659,
        -1.5368307828903198,
        0,
        0,
        0,
        0.9999997615814209
      ],
      "intrinsics": [
        1333.2410888671875,
        0,
        965.7720336914062,
        0,
        1333.2410888671875,
        722.7195434570312,
        0,
        0,
        1
      ],
      "time": 296215.27951629175
    },
    {
      "frame_index": 31,
      "cameraPoseARFrame": [
        0.6856418251991272,
        0.48887816071510315,
        0.5393452644348145,
        1.7849959135055542,
        -0.6276349425315857,
        0.021706070750951767,
        0.7782049179077148,
        -0.03116540238261223,
        0.368740439414978,
        -0.8720818161964417,
        0.3217197060585022,
        -1.5291404724121094,
        0,
        0,
        0,
        0.9999998807907104
      ],
      "intrinsics": [
        1333.2113037109375,
        0,
        964.4172973632812,
        0,
        1333.2113037109375,
        722.2807006835938,
        0,
        0,
        1
      ],
      "time": 296215.81286254176
    },
    {
      "frame_index": 36,
      "cameraPoseARFrame": [
        0.7949579954147339,
        0.15373358130455017,
        0.5868625044822693,
        1.76377534866333,
        -0.5979734659194946,
        0.035409051924943924,
        0.8007331490516663,
        -0.06400731950998306,
        0.10231941193342209,
        -0.9874774813652039,
        0.12007738649845123,
        -1.3464694023132324,
        0,
        0,
        0,
        0.9999998807907104
      ],
      "intrinsics": [
        1333.863525390625,
        0,
        964.032470703125,
        0,
        1333.863525390625,
        722.8988647460938,
        0,
        0,
        1
      ],
      "time": 296216.3130278751
    },
    {
      "frame_index": 42,
      "cameraPoseARFrame": [
        0.6776428818702698,
        0.08842533081769943,
        0.7300554513931274,
        1.835760474205017,
        -0.7345801591873169,
        0.03478650376200676,
        0.6776293516159058,
        -0.0030775098130106926,
        0.03452359884977341,
        -0.9954750537872314,
        0.08852838724851608,
        -1.1822201013565063,
        0,
        0,
        0,
        0.9999997615814209
      ],
      "intrinsics": [
        1333.857666015625,
        0,
        964.251953125,
        0,
        1333.857666015625,
        723.35107421875,
        0,
        0,
        1
      ],
      "time": 296216.8133567084
    },
    {
      "frame_index": 48,
      "cameraPoseARFrame": [
        0.458842009305954,
        0.11215561628341675,
        0.8814107179641724,
        1.8667824268341064,
        -0.8867964744567871,
        -0.003910244442522526,
        0.4621432423591614,
        0.11681147664785385,
        0.05527851730585098,
        -0.9936828017234802,
        0.09766506403684616,
        -1.0987002849578857,
        0,
        0,
        0,
        0.9999998807907104
      ],
      "intrinsics": [
        1333.82177734375,
        0,
        965.694580078125,
        0,
        1333.82177734375,
        723.4821166992188,
        0,
        0,
        1
      ],
      "time": 296217.31410029175
    },
    {
      "frame_index": 54,
      "cameraPoseARFrame": [
        0.392885684967041,
        0.2198665589094162,
        0.892916202545166,
        1.757419228553772,
        -0.9166946411132812,
        0.016687506809830666,
        0.39923927187919617,
        0.16315710544586182,
        0.07287883758544922,
        -0.9753870368003845,
        0.2081068754196167,
        -1.1329315900802612,
        0,
        0,
        0,
        0.9999997615814209
      ],
      "intrinsics": [
        1332.0887451171875,
        0,
        966.1287841796875,
        0,
        1332.0887451171875,
        723.2368774414062,
        0,
        0,
        1
      ],
      "time": 296217.81472062506
    },
    {
      "frame_index": 60,
      "cameraPoseARFrame": [
        0.4596957862377167,
        0.26129013299942017,
        0.8487677574157715,
        1.4641519784927368,
        -0.880591094493866,
        0.010286472737789154,
        0.47376465797424316,
        0.13418328762054443,
        0.1150592565536499,
        -0.9652053117752075,
        0.2348184883594513,
        -1.1659812927246094,
        0,
        0,
        0,
        0.9999997615814209
      ],
      "intrinsics": [
        1331.4454345703125,
        0,
        966.34423828125,
        0,
        1331.4454345703125,
        722.6890258789062,
        0,
        0,
        1
      ],
      "time": 296218.3510322917
    },
    {
      "frame_index": 66,
      "cameraPoseARFrame": [
        0.5296141505241394,
        0.4311659634113312,
        0.7304823994636536,
        1.1561695337295532,
        -0.8240447044372559,
        0.05731676518917084,
        0.563617467880249,
        0.07779431343078613,
        0.20114387571811676,
        -0.9004499912261963,
        0.3856559097766876,
        -1.0592623949050903,
        0,
        0,
        0,
        0.9999997615814209
      ],
      "intrinsics": [
        1332.12744140625,
        0,
        966.125244140625,
        0,
        1332.12744140625,
        722.7056274414062,
        0,
        0,
        1
      ],
      "time": 296218.88120625005
    },
    {
      "frame_index": 72,
      "cameraPoseARFrame": [
        0.5164934396743774,
        0.6129634380340576,
        0.5979217886924744,
        0.8656577467918396,
        -0.7630095481872559,
        0.012517962604761124,
        0.6462658047676086,
        -0.002681534504517913,
        0.3886525630950928,
        -0.7900121212005615,
        0.4741624891757965,
        -1.044924259185791,
        0,
        0,
        0,
        0.9999998807907104
      ],
      "intrinsics": [
        1333.9677734375,
        0,
        965.5733642578125,
        0,
        1333.9677734375,
        723.62939453125,
        0,
        0,
        1
      ],
      "time": 296219.41431679175
    },
    {
      "frame_index": 78,
      "cameraPoseARFrame": [
        0.46888864040374756,
        0.7537837624549866,
        0.4603838324546814,
        0.5039489269256592,
        -0.7121506929397583,
        0.014307651668787003,
        0.7018805742263794,
        -0.06372714042663574,
        0.5224792957305908,
        -0.6569665670394897,
        0.5435165166854858,
        -1.1211668252944946,
        0,
        0,
        0,
        0.9999997615814209
      ],
      "intrinsics": [
        1335.5401611328125,
        0,
        965.251708984375,
        0,
        1335.5401611328125,
        723.0440673828125,
        0,
        0,
        1
      ],
      "time": 296219.9480651251
    },
    {
      "frame_index": 84,
      "cameraPoseARFrame": [
        0.3046989440917969,
        0.8981661796569824,
        0.3169478476047516,
        0.16744162142276764,
        -0.6802433729171753,
        -0.027704177424311638,
        0.7324624061584473,
        -0.082452692091465,
        0.6666539311408997,
        -0.43878209590911865,
        0.6025302410125732,
        -1.1795268058776855,
        0,
        0,
        0,
        0.9999998807907104
      ],
      "intrinsics": [
        1338.46142578125,
        0,
        964.8789672851562,
        0,
        1338.46142578125,
        722.9495849609375,
        0,
        0,
        1
      ],
      "time": 296220.48125754175
    },
    {
      "frame_index": 91,
      "cameraPoseARFrame": [
        0.14361198246479034,
        0.9762817025184631,
        0.1620175689458847,
        -0.06884191930294037,
        -0.6246116161346436,
        -0.037568099796772,
        0.7800312638282776,
        -0.1499217003583908,
        0.7676169872283936,
        -0.21321983635425568,
        0.6044017672538757,
        -1.3268436193466187,
        0,
        0,
        0,
        0.9999998807907104
      ],
      "intrinsics": [
        1340.769287109375,
        0,
        964.6292724609375,
        0,
        1340.769287109375,
        723.0531005859375,
        0,
        0,
        1
      ],
      "time": 296221.0146560834
    },
    {
      "frame_index": 96,
      "cameraPoseARFrame": [
        0.019291048869490623,
        0.9998050332069397,
        -0.0041778660379350185,
        -0.25367993116378784,
        -0.5653167963027954,
        0.014354012906551361,
        0.8247487545013428,
        -0.22667908668518066,
        0.8246480822563171,
        -0.013548420742154121,
        0.5654837489128113,
        -1.4143342971801758,
        0,
        0,
        0,
        0.9999997615814209
      ],
      "intrinsics": [
        1341.248779296875,
        0,
        963.7554931640625,
        0,
        1341.248779296875,
        722.9154052734375,
        0,
        0,
        1
      ],
      "time": 296221.5152767084
    },
    {
      "frame_index": 102,
      "cameraPoseARFrame": [
        -0.2045452743768692,
        0.963718593120575,
        -0.17148573696613312,
        -0.43360069394111633,
        -0.5324739217758179,
        0.03745516017079353,
        0.8456169962882996,
        -0.2400374412536621,
        0.8213600516319275,
        0.26427873969078064,
        0.5054938793182373,
        -1.3920350074768066,
        0,
        0,
        0,
        0.9999997615814209
      ],
      "intrinsics": [
        1340.1737060546875,
        0,
        963.536376953125,
        0,
        1340.1737060546875,
        723.0615234375,
        0,
        0,
        1
      ],
      "time": 296222.0492596251
    },
    {
      "frame_index": 108,
      "cameraPoseARFrame": [
        -0.3476983606815338,
        0.9076922535896301,
        -0.23494766652584076,
        -0.6534615159034729,
        -0.5376121997833252,
        0.012292795814573765,
        0.8431023955345154,
        -0.2649184763431549,
        0.7681658864021301,
        0.4194561541080475,
        0.483712375164032,
        -1.4630060195922852,
        0,
        0,
        0,
        0.9999998807907104
      ],
      "intrinsics": [
        1338.238037109375,
        0,
        963.6637573242188,
        0,
        1338.238037109375,
        722.972900390625,
        0,
        0,
        1
      ],
      "time": 296222.5814513334
    },
    {
      "frame_index": 114,
      "cameraPoseARFrame": [
        -0.5819413661956787,
        0.7009901404380798,
        -0.4122582674026489,
        -0.8927782773971558,
        -0.5805931091308594,
        -0.003160664113238454,
        0.8141874670982361,
        -0.20662908256053925,
        0.5694345831871033,
        0.7131637930870056,
        0.4088294804096222,
        -1.3724184036254883,
        0,
        0,
        0,
        0.9999998807907104
      ],
      "intrinsics": [
        1338.0296630859375,
        0,
        962.9277954101562,
        0,
        1338.0296630859375,
        723.1804809570312,
        0,
        0,
        1
      ],
      "time": 296223.08183275006
    },
    {
      "frame_index": 120,
      "cameraPoseARFrame": [
        -0.5646918416023254,
        0.7049595713615417,
        -0.42913299798965454,
        -1.0980929136276245,
        -0.6319290399551392,
        -0.03488563001155853,
        0.7742405533790588,
        -0.13119439780712128,
        0.5308377742767334,
        0.7083890438079834,
        0.4651840925216675,
        -1.2413972616195679,
        0,
        0,
        0,
        0.9999998807907104
      ],
      "intrinsics": [
        1338.050537109375,
        0,
        964.017333984375,
        0,
        1338.050537109375,
        723.047119140625,
        0,
        0,
        1
      ],
      "time": 296223.58192479174
    },
    {
      "frame_index": 126,
      "cameraPoseARFrame": [
        -0.5128200054168701,
        0.6943766474723816,
        -0.5048333406448364,
        -1.2112566232681274,
        -0.7147841453552246,
        -0.019646860659122467,
        0.6990688443183899,
        -0.08393339067697525,
        0.47549885511398315,
        0.7193434238433838,
        0.5064048171043396,
        -1.0633094310760498,
        0,
        0,
        0,
        0.9999998807907104
      ],
      "intrinsics": [
        1337.32373046875,
        0,
        964.2543334960938,
        0,
        1337.32373046875,
        723.0285034179688,
        0,
        0,
        1
      ],
      "time": 296224.11669054173
    },
    {
      "frame_index": 132,
      "cameraPoseARFrame": [
        -0.42246100306510925,
        0.6590976119041443,
        -0.6221871972084045,
        -1.2287672758102417,
        -0.8534483313560486,
        -0.05811116471886635,
        0.5179272294044495,
        0.02935536578297615,
        0.305208683013916,
        0.7498087882995605,
        0.5870556235313416,
        -0.9598264098167419,
        0,
        0,
        0,
        0.9999998807907104
      ],
      "intrinsics": [
        1337.31494140625,
        0,
        965.4286499023438,
        0,
        1337.31494140625,
        722.6644287109375,
        0,
        0,
        1
      ],
      "time": 296224.65016037505
    },
    {
      "frame_index": 138,
      "cameraPoseARFrame": [
        -0.24287529289722443,
        0.675257682800293,
        -0.6964470148086548,
        -1.1565320491790771,
        -0.9536222815513611,
        -0.034604452550411224,
        0.2990095913410187,
        0.1403489112854004,
        0.17780843377113342,
        0.7367695569992065,
        0.6523455381393433,
        -0.9840103983879089,
        0,
        0,
        0,
        0.9999999403953552
      ],
      "intrinsics": [
        1336.1624755859375,
        0,
        966.2522583007812,
        0,
        1336.1624755859375,
        722.1973876953125,
        0,
        0,
        1
      ],
      "time": 296225.1820842084
    },
    {
      "frame_index": 144,
      "cameraPoseARFrame": [
        -0.035247743129730225,
        0.7599961757659912,
        -0.648970901966095,
        -1.087915062904358,
        -0.9993771910667419,
        -0.025757765397429466,
        0.024115078151226044,
        0.2906084954738617,
        0.0016113255405798554,
        0.6494168043136597,
        0.7604308128356934,
        -1.1223565340042114,
        0,
        0,
        0,
        0.9999998807907104
      ],
      "intrinsics": [
        1336.665771484375,
        0,
        966.8211669921875,
        0,
        1336.665771484375,
        722.4024658203125,
        0,
        0,
        1
      ],
      "time": 296225.68250541674
    },
    {
      "frame_index": 151,
      "cameraPoseARFrame": [
        0.02791273035109043,
        0.9067521095275879,
        -0.42073875665664673,
        -0.9614964723587036,
        -0.9925225377082825,
        -0.024893304333090782,
        -0.11949474364519119,
        0.3652476966381073,
        -0.11882571876049042,
        0.4209282398223877,
        0.8992772698402405,
        -1.2019951343536377,
        0,
        0,
        0,
        0.9999998807907104
      ],
      "intrinsics": [
        1337.892578125,
        0,
        966.5714111328125,
        0,
        1337.892578125,
        722.9194946289062,
        0,
        0,
        1
      ],
      "time": 296226.2155272501
    },
    {
      "frame_index": 157,
      "cameraPoseARFrame": [
        0.00939649436622858,
        0.9998545050621033,
        0.014226306229829788,
        -0.8846481442451477,
        -0.9882216453552246,
        0.011458405293524265,
        -0.15259864926338196,
        0.40703579783439636,
        -0.1527394950389862,
        -0.012624835595488548,
        0.9881857633590698,
        -1.1238120794296265,
        0,
        0,
        0,
        0.9999998807907104
      ],
      "intrinsics": [
        1339.0897216796875,
        0,
        966.78076171875,
        0,
        1339.0897216796875,
        722.47412109375,
        0,
        0,
        1
      ],
      "time": 296226.7500497917
    },
    {
      "frame_index": 163,
      "cameraPoseARFrame": [
        -0.05840277299284935,
        0.9225640892982483,
        0.38139814138412476,
        -0.8196689486503601,
        -0.9977377653121948,
        -0.04120238870382309,
        -0.05311719700694084,
        0.4113113582134247,
        -0.03328951448202133,
        -0.3836374878883362,
        0.9228835701942444,
        -0.9725412726402283,
        0,
        0,
        0,
        0.9999998807907104
      ],
      "intrinsics": [
        1338.494140625,
        0,
        966.7338256835938,
        0,
        1338.494140625,
        722.8848876953125,
        0,
        0,
        1
      ],
      "time": 296227.2822464167
    },
    {
      "frame_index": 169,
      "cameraPoseARFrame": [
        -0.04055243730545044,
        0.7714245319366455,
        0.6350271105766296,
        -0.6536465883255005,
        -0.9991748332977295,
        -0.02990569733083248,
        -0.02747754007577896,
        0.38884374499320984,
        -0.002205918775871396,
        -0.6356174945831299,
        0.7720008492469788,
        -0.8883443474769592,
        0,
        0,
        0,
        0.9999998807907104
      ],
      "intrinsics": [
        1336.740234375,
        0,
        966.7098999023438,
        0,
        1336.740234375,
        722.8585815429688,
        0,
        0,
        1
      ],
      "time": 296227.7832190834
    },
    {
      "frame_index": 175,
      "cameraPoseARFrame": [
        0.03290406987071037,
        0.654449462890625,
        0.7553892731666565,
        -0.3821004331111908,
        -0.9979141354560852,
        -0.020484628155827522,
        0.06121556833386421,
        0.3417508602142334,
        0.055536381900310516,
        -0.7558279037475586,
        0.6524105072021484,
        -0.8123940825462341,
        0,
        0,
        0,
        0.9999997615814209
      ],
      "intrinsics": [
        1335.5550537109375,
        0,
        966.8607177734375,
        0,
        1335.5550537109375,
        722.6314086914062,
        0,
        0,
        1
      ],
      "time": 296228.3167244584
    },
    {
      "frame_index": 181,
      "cameraPoseARFrame": [
        0.20957979559898376,
        0.6312179565429688,
        0.7467530965805054,
        -0.05293823033571243,
        -0.964775800704956,
        0.009299230761826038,
        0.2629084289073944,
        0.25452837347984314,
        0.15900835394859314,
        -0.775549590587616,
        0.6109329462051392,
        -0.7209857702255249,
        0,
        0,
        0,
        0.9999998807907104
      ],
      "intrinsics": [
        1334.453125,
        0,
        966.7564697265625,
        0,
        1334.453125,
        722.9418334960938,
        0,
        0,
        1
      ],
      "time": 296228.84950154176
    },
    {
      "frame_index": 187,
      "cameraPoseARFrame": [
        0.32293808460235596,
        0.5717504024505615,
        0.7541964650154114,
        0.2588784992694855,
        -0.925906240940094,
        0.02584715746343136,
        0.3768676221370697,
        0.19544275104999542,
        0.19598045945167542,
        -0.8200202584266663,
        0.5377343893051147,
        -0.7213965654373169,
        0,
        0,
        0,
        0.9999998807907104
      ],
      "intrinsics": [
        1332.047119140625,
        0,
        966.8064575195312,
        0,
        1332.047119140625,
        723.0380249023438,
        0,
        0,
        1
      ],
      "time": 296229.35046225006
    },
    {
      "frame_index": 193,
      "cameraPoseARFrame": [
        0.3399583399295807,
        0.5728200078010559,
        0.7458587288856506,
        0.5207606554031372,
        -0.9072874188423157,
        -0.008956312201917171,
        0.4204150438308716,
        0.1801280975341797,
        0.2475024163722992,
        -0.8196318745613098,
        0.5166678428649902,
        -0.7038775086402893,
        0,
        0,
        0,
        0.9999997615814209
      ],
      "intrinsics": [
        1331.5050048828125,
        0,
        966.4523315429688,
        0,
        1331.5050048828125,
        722.7522583007812,
        0,
        0,
        1
      ],
      "time": 296229.8832025834
    },
    {
      "frame_index": 199,
      "cameraPoseARFrame": [
        0.2696450650691986,
        0.2711445689201355,
        0.9239978194236755,
        0.6925636529922485,
        -0.9545379877090454,
        -0.05136440694332123,
        0.2936301827430725,
        0.21276290714740753,
        0.1270768642425537,
        -0.9611669778823853,
        0.24496771395206451,
        -0.6071267127990723,
        0,
        0,
        0,
        0.9999998807907104
      ],
      "intrinsics": [
        1331.448486328125,
        0,
        966.5531005859375,
        0,
        1331.448486328125,
        722.4827270507812,
        0,
        0,
        1
      ],
      "time": 296230.3844230834
    },
    {
      "frame_index": 205,
      "cameraPoseARFrame": [
        0.1784883290529251,
        0.06914201378822327,
        0.9815095663070679,
        0.8275441527366638,
        -0.9837400317192078,
        0.03274521231651306,
        0.17658719420433044,
        0.27038809657096863,
        -0.019930142909288406,
        -0.9970691204071045,
        0.0738624632358551,
        -0.6850838661193848,
        0,
        0,
        0,
        0.9999998807907104
      ],
      "intrinsics": [
        1330.91845703125,
        0,
        966.7064819335938,
        0,
        1330.91845703125,
        723.033447265625,
        0,
        0,
        1
      ],
      "time": 296230.9177975834
    },
    {
      "frame_index": 211,
      "cameraPoseARFrame": [
        0.0966423749923706,
        0.04696796089410782,
        0.9942103028297424,
        0.9485552906990051,
        -0.9951093196868896,
        0.02506580762565136,
        0.09554560482501984,
        0.3154178857803345,
        -0.020433099940419197,
        -0.9985817074775696,
        0.049160778522491455,
        -0.737027108669281,
        0,
        0,
        0,
        0.9999999403953552
      ],
      "intrinsics": [
        1330.2275390625,
        0,
        966.763427734375,
        0,
        1330.2275390625,
        722.8163452148438,
        0,
        0,
        1
      ],
      "time": 296231.4500202084
    },
    {
      "frame_index": 217,
      "cameraPoseARFrame": [
        -0.0030799394007772207,
        0.060723792761564255,
        0.9981497526168823,
        0.9886302351951599,
        -0.9998561143875122,
        0.016456950455904007,
        -0.004086385481059551,
        0.38415858149528503,
        -0.016674647107720375,
        -0.998018741607666,
        0.06066444143652916,
        -0.8164955973625183,
        0,
        0,
        0,
        0.9999998807907104
      ],
      "intrinsics": [
        1330.2958984375,
        0,
        967.0396728515625,
        0,
        1330.2958984375,
        723.1397705078125,
        0,
        0,
        1
      ],
      "time": 296231.9505519167
    },
    {
      "frame_index": 224,
      "cameraPoseARFrame": [
        -0.25961780548095703,
        0.3222027122974396,
        0.9103755950927734,
        0.9744511246681213,
        -0.9627392888069153,
        -0.012450911104679108,
        -0.270143985748291,
        0.4925452172756195,
        -0.07570615410804749,
        -0.9465886354446411,
        0.31342974305152893,
        -0.9313415884971619,
        0,
        0,
        0,
        0.9999998807907104
      ],
      "intrinsics": [
        1330.8974609375,
        0,
        966.8202514648438,
        0,
        1330.8974609375,
        722.9490966796875,
        0,
        0,
        1
      ],
      "time": 296232.4836923334
    },
    {
      "frame_index": 230,
      "cameraPoseARFrame": [
        -0.2205817550420761,
        0.7322840690612793,
        0.6442853808403015,
        1.0643256902694702,
        -0.9417677521705627,
        0.011983698233962059,
        -0.33605021238327026,
        0.5215973854064941,
        -0.2538051903247833,
        -0.6808937788009644,
        0.6869982481002808,
        -0.8780366778373718,
        0,
        0,
        0,
        0.9999999403953552
      ],
      "intrinsics": [
        1331.421630859375,
        0,
        966.44873046875,
        0,
        1331.421630859375,
        722.2957763671875,
        0,
        0,
        1
      ],
      "time": 296233.01684562507
    },
    {
      "frame_index": 236,
      "cameraPoseARFrame": [
        -0.05096324533224106,
        0.9098906517028809,
        0.41170573234558105,
        1.2041116952896118,
        -0.9404261112213135,
        0.09503594040870667,
        -0.32644540071487427,
        0.508762538433075,
        -0.3361565172672272,
        -0.4038155674934387,
        0.8508417010307312,
        -0.7525671124458313,
        0,
        0,
        0,
        0.9999998807907104
      ],
      "intrinsics": [
        1335.614501953125,
        0,
        966.3198852539062,
        0,
        1335.614501953125,
        722.9813232421875,
        0,
        0,
        1
      ],
      "time": 296233.5501480834
    },
    {
      "frame_index": 242,
      "cameraPoseARFrame": [
        0.049560025334358215,
        0.9749330282211304,
        0.2169080674648285,
        1.2960543632507324,
        -0.9923893809318542,
        0.07257915288209915,
        -0.09947525709867477,
        0.42122066020965576,
        -0.11272473633289337,
        -0.21032719314098358,
        0.9711104035377502,
        -0.6724257469177246,
        0,
        0,
        0,
        0.9999997615814209
      ],
      "intrinsics": [
        1336.7132568359375,
        0,
        966.1690063476562,
        0,
        1336.7132568359375,
        723.1359252929688,
        0,
        0,
        1
      ],
      "time": 296234.05047475005
    },
    {
      "frame_index": 248,
      "cameraPoseARFrame": [
        0.015765663236379623,
        0.998823344707489,
        0.04586231708526611,
        1.1954090595245361,
        -0.9955690503120422,
        0.011428659781813622,
        0.0933355987071991,
        0.3095513582229614,
        0.09270163625478745,
        -0.04713058099150658,
        0.9945780038833618,
        -0.5384809374809265,
        0,
        0,
        0,
        0.9999999403953552
      ],
      "intrinsics": [
        1335.62353515625,
        0,
        967.0718383789062,
        0,
        1335.62353515625,
        722.6249389648438,
        0,
        0,
        1
      ],
      "time": 296234.5845425417
    },
    {
      "frame_index": 254,
      "cameraPoseARFrame": [
        0.00797650869935751,
        0.9668591022491455,
        -0.2551852762699127,
        1.174372911453247,
        -0.9907953143119812,
        0.04212768375873566,
        0.12864552438259125,
        0.29801270365715027,
        0.13513250648975372,
        0.25181031227111816,
        0.9582956433296204,
        -0.44712451100349426,
        0,
        0,
        0,
        0.9999998807907104
      ],
      "intrinsics": [
        1334.432373046875,
        0,
        967.188232421875,
        0,
        1334.432373046875,
        723.5042724609375,
        0,
        0,
        1
      ],
      "time": 296235.11751991673
    },
    {
      "frame_index": 261,
      "cameraPoseARFrame": [
        -0.01915872097015381,
        0.9206786751747131,
        -0.3898506164550781,
        1.2178428173065186,
        -0.9863808155059814,
        0.046303022652864456,
        0.1578245759010315,
        0.2874102294445038,
        0.16335703432559967,
        0.38756492733955383,
        0.9072529077529907,
        -0.41452762484550476,
        0,
        0,
        0,
        0.9999998807907104
      ],
      "intrinsics": [
        1333.2440185546875,
        0,
        966.779296875,
        0,
        1333.2440185546875,
        722.923828125,
        0,
        0,
        1
      ],
      "time": 296235.6506592084
    },
    {
      "frame_index": 267,
      "cameraPoseARFrame": [
        -0.07386379688978195,
        0.7978767156600952,
        -0.5982781052589417,
        1.1871652603149414,
        -0.9849640130996704,
        0.03558047115802765,
        0.16905517876148224,
        0.2741735875606537,
        0.1561722457408905,
        0.6017695665359497,
        0.783251941204071,
        -0.5104693174362183,
        0,
        0,
        0,
        0.9999998807907104
      ],
      "intrinsics": [
        1332.61279296875,
        0,
        966.7965698242188,
        0,
        1332.61279296875,
        722.6588745117188,
        0,
        0,
        1
      ],
      "time": 296236.1839308751
    },
    {
      "frame_index": 273,
      "cameraPoseARFrame": [
        -0.16038812696933746,
        0.7413393259048462,
        -0.6516833901405334,
        1.1418653726577759,
        -0.9636770486831665,
        0.02523014508187771,
        0.2658751606941223,
        0.22901904582977295,
        0.21354588866233826,
        0.6706556677818298,
        0.7103652954101562,
        -0.7087653875350952,
        0,
        0,
        0,
        0.9999997615814209
      ],
      "intrinsics": [
        1333.25,
        0,
        966.7109985351562,
        0,
        1333.25,
        722.8236083984375,
        0,
        0,
        1
      ],
      "time": 296236.6849985417
    },
    {
      "frame_index": 280,
      "cameraPoseARFrame": [
        -0.25387588143348694,
        0.7492290735244751,
        -0.6117210984230042,
        1.1967644691467285,
        -0.9151549935340881,
        0.01866656169295311,
        0.40266934037208557,
        0.13128109276294708,
        0.3131103515625,
        0.6620477437973022,
        0.6809218525886536,
        -1.1621155738830566,
        0,
        0,
        0,
        0.9999998807907104
      ],
      "intrinsics": [
        1333.3721923828125,
        0,
        966.6769409179688,
        0,
        1333.3721923828125,
        722.5882568359375,
        0,
        0,
        1
      ],
      "time": 296237.2181254584
    },
    {
      "frame_index": 286,
      "cameraPoseARFrame": [
        -0.4240051805973053,
        0.6230950951576233,
        -0.6572457551956177,
        1.2167102098464966,
        -0.8170558214187622,
        0.04988553375005722,
        0.574396014213562,
        -0.0034560372587293386,
        0.39069047570228577,
        0.7805535197257996,
        0.4879518449306488,
        -1.6608930826187134,
        0,
        0,
        0,
        0.9999998807907104
      ],
      "intrinsics": [
        1333.7147216796875,
        0,
        965.8965454101562,
        0,
        1333.7147216796875,
        722.99267578125,
        0,
        0,
        1
      ],
      "time": 296237.75122150005
    },
    {
      "frame_index": 292,
      "cameraPoseARFrame": [
        -0.5461814403533936,
        0.5418866872787476,
        -0.6387836337089539,
        1.312813639640808,
        -0.7491296529769897,
        0.02523977868258953,
        0.661942183971405,
        -0.11259424686431885,
        0.3748204708099365,
        0.8400722742080688,
        0.39215800166130066,
        -2.0295684337615967,
        0,
        0,
        0,
        0.9999999403953552
      ],
      "intrinsics": [
        1335.7574462890625,
        0,
        965.4942016601562,
        0,
        1335.7574462890625,
        723.8539428710938,
        0,
        0,
        1
      ],
      "time": 296238.2844919167
    },
    {
      "frame_index": 298,
      "cameraPoseARFrame": [
        -0.6345009207725525,
        0.46435296535491943,
        -0.6178873777389526,
        1.4591865539550781,
        -0.6636229157447815,
        0.08254344016313553,
        0.7434991598129272,
        -0.2235780954360962,
        0.3962485194206238,
        0.8817952275276184,
        0.2557814419269562,
        -2.29044771194458,
        0,
        0,
        0,
        0.9999999403953552
      ],
      "intrinsics": [
        1337.892578125,
        0,
        964.7517700195312,
        0,
        1337.892578125,
        723.4544677734375,
        0,
        0,
        1
      ],
      "time": 296238.7846531667
    },
    {
      "frame_index": 305,
      "cameraPoseARFrame": [
        -0.7700458765029907,
        0.2400677651166916,
        -0.5910977721214294,
        1.5560939311981201,
        -0.5710088610649109,
        0.15391473472118378,
        0.8063861727714539,
        -0.28011631965637207,
        0.2845660448074341,
        0.9584766030311584,
        0.01855940744280815,
        -2.486203670501709,
        0,
        0,
        0,
        0.9999997615814209
      ],
      "intrinsics": [
        1340.8258056640625,
        0,
        964.1609497070312,
        0,
        1340.8258056640625,
        723.7827758789062,
        0,
        0,
        1
      ],
      "time": 296239.31810191675
    },
    {
      "frame_index": 311,
      "cameraPoseARFrame": [
        -0.8267603516578674,
        0.15405680239200592,
        -0.5410487651824951,
        1.6146376132965088,
        -0.50719153881073,
        0.21193110942840576,
        0.8353690505027771,
        -0.32937029004096985,
        0.24335944652557373,
        0.9650654792785645,
        -0.09707994759082794,
        -2.561866521835327,
        0,
        0,
        0,
        0.9999998807907104
      ],
      "intrinsics": [
        1343.1278076171875,
        0,
        963.4251098632812,
        0,
        1343.1278076171875,
        724.4456176757812,
        0,
        0,
        1
      ],
      "time": 296239.8182980001
    },
    {
      "frame_index": 317,
      "cameraPoseARFrame": [
        -0.814037561416626,
        0.10084717720746994,
        -0.5719900727272034,
        1.6625350713729858,
        -0.5467123985290527,
        0.19942787289619446,
        0.8132242560386658,
        -0.3285273015499115,
        0.19608213007450104,
        0.9747092127799988,
        -0.10720744729042053,
        -2.5947978496551514,
        0,
        0,
        0,
        0.9999998807907104
      ],
      "intrinsics": [
        1345.4683837890625,
        0,
        963.42578125,
        0,
        1345.4683837890625,
        724.5662841796875,
        0,
        0,
        1
      ],
      "time": 296240.3184719167
    },
    {
      "frame_index": 323,
      "cameraPoseARFrame": [
        -0.8174511194229126,
        0.042030561715364456,
        -0.5744621753692627,
        1.6777883768081665,
        -0.5608595013618469,
        0.16906604170799255,
        0.8104645013809204,
        -0.33263224363327026,
        0.1311863511800766,
        0.9847078919410706,
        -0.11463005095720291,
        -2.5891685485839844,
        0,
        0,
        0,
        0.9999997615814209
      ],
      "intrinsics": [
        1347.21337890625,
        0,
        963.4188842773438,
        0,
        1347.21337890625,
        724.3495483398438,
        0,
        0,
        1
      ],
      "time": 296240.85094116675
    },
    {
      "frame_index": 329,
      "cameraPoseARFrame": [
        -0.8381154537200928,
        -0.03281096741557121,
        -0.5445051193237305,
        1.7233695983886719,
        -0.5434274673461914,
        0.1369970440864563,
        0.8282015919685364,
        -0.33546701073646545,
        0.04742148891091347,
        0.9900277853012085,
        -0.13264977931976318,
        -2.568458080291748,
        0,
        0,
        0,
        0.9999998807907104
      ],
      "intrinsics": [
        1348.2318115234375,
        0,
        963.6622314453125,
        0,
        1348.2318115234375,
        724.1820678710938,
        0,
        0,
        1
      ],
      "time": 296241.38547950005
    },
    {
      "frame_index": 335,
      "cameraPoseARFrame": [
        -0.8443087935447693,
        -0.05828501284122467,
        -0.5326775312423706,
        1.7542729377746582,
        -0.5351667404174805,
        0.14214545488357544,
        0.8327008485794067,
        -0.33851203322410583,
        0.027183735743165016,
        0.988128125667572,
        -0.15120689570903778,
        -2.5470657348632812,
        0,
        0,
        0,
        0.9999998807907104
      ],
      "intrinsics": [
        1349.3248291015625,
        0,
        963.396240234375,
        0,
        1349.3248291015625,
        723.8029174804688,
        0,
        0,
        1
      ],
      "time": 296241.9196698334
    },
    {
      "frame_index": 341,
      "cameraPoseARFrame": [
        -0.7600008249282837,
        0.32080039381980896,
        -0.5652307271957397,
        1.7673686742782593,
        -0.3555348813533783,
        0.5228067636489868,
        0.7747693061828613,
        -0.4900551736354828,
        0.5440528988838196,
        0.7897846698760986,
        -0.2832779586315155,
        -2.5956034660339355,
