{
 "cells": [
  {
   "cell_type": "markdown",
   "id": "61081feb",
   "metadata": {},
   "source": [
    "# AECTech2025 Hackathon - SIMON"
   ]
  },
  {
   "cell_type": "code",
   "execution_count": 1,
   "id": "56ba4806",
   "metadata": {},
   "outputs": [],
   "source": [
    "from pathlib import Path\n",
    "from PIL import Image\n",
    "import numpy as np\n",
    "import json\n",
    "import plotly.io as pio\n",
    "import plotly.express as px\n",
    "import pandas as pd\n",
    "\n",
    "pio.renderers.default = \"vscode\""
   ]
  },
  {
   "cell_type": "code",
   "execution_count": 2,
   "id": "11d4a117",
   "metadata": {},
   "outputs": [],
   "source": [
    "DATA_DIR = Path(\"/Users/vincentmai/Projects/AECTech_2025/data/tt_centre_space_v1\")\n",
    "KEYFRAME_DIR = Path(DATA_DIR / \"keyframes\")\n",
    "CAMERA_DIR = Path(KEYFRAME_DIR / \"corrected_cameras\")\n",
    "IMAGE_DIR = Path(KEYFRAME_DIR / \"images\")\n",
    "DEPTH_DIR = Path(KEYFRAME_DIR / \"depth\")\n",
    "DETECTION_OUTPUT_DIR = Path(DATA_DIR / \"yolo_detection\")"
   ]
  },
  {
   "cell_type": "markdown",
   "id": "73551934",
   "metadata": {},
   "source": [
    "## Parsing Polycam Camera Position and Orientation"
   ]
  },
  {
   "cell_type": "code",
   "execution_count": 3,
   "id": "bbfb2f6a",
   "metadata": {},
   "outputs": [],
   "source": [
    "def unitize(v):\n",
    "    return v / np.linalg.norm(v)"
   ]
  },
  {
   "cell_type": "code",
   "execution_count": 142,
   "id": "757a8fab",
   "metadata": {},
   "outputs": [],
   "source": [
    "def parse_camera_data(camera_data):\n",
    "    rotation = []\n",
    "    for i in range(3):\n",
    "        rotation.append([camera_data[f\"t_{i}{j}\"] for j in range(4)])\n",
    "    rotation.append([0.0, 0.0, 0.0, 1.0])\n",
    "    principal_point = ([camera_data[\"cx\"], camera_data[\"cy\"]])\n",
    "    focal_length = ([camera_data[\"fx\"], camera_data[\"fy\"]]) \n",
    "    return {\n",
    "        \"camera_to_world\": np.array(rotation),\n",
    "        \"principal_point\": principal_point,\n",
    "        \"focal_length\": focal_length,\n",
    "    }"
   ]
  },
  {
   "cell_type": "markdown",
   "id": "3df7522c",
   "metadata": {},
   "source": [
    "Polycam export less images than true camera position, need to filter based on actual exported images"
   ]
  },
  {
   "cell_type": "code",
   "execution_count": 122,
   "id": "528285c4",
   "metadata": {},
   "outputs": [],
   "source": [
    "exported_images_names = set([path.stem for path in IMAGE_DIR.rglob(\"*.jpg\")])"
   ]
  },
  {
   "cell_type": "code",
   "execution_count": 143,
   "id": "2317fbda",
   "metadata": {},
   "outputs": [],
   "source": [
    "camera_data = dict()\n",
    "positions = []\n",
    "for file_path in CAMERA_DIR.rglob(\"*.json\"):\n",
    "    stem = file_path.stem\n",
    "    if stem not in exported_images_names: continue\n",
    "    with open(file_path, 'r') as f:\n",
    "        raw_data = json.load(f)\n",
    "        parsed = parse_camera_data(raw_data)\n",
    "        camera_data[stem] = parsed"
   ]
  },
  {
   "cell_type": "code",
   "execution_count": 157,
   "id": "4363f981",
   "metadata": {},
   "outputs": [
    {
     "data": {
      "text/plain": [
       "{'2327744577497': {'camera_to_world': array([[-0.40744641,  0.7706669 , -0.48995891, -2.41558433],\n",
       "         [-0.78455889, -0.02080816,  0.61970466,  0.06502786],\n",
       "         [ 0.4673906 ,  0.6368981 ,  0.61311209, -2.5938983 ],\n",
       "         [ 0.        ,  0.        ,  0.        ,  1.        ]]),\n",
       "  'principal_point': [513.55994, 384.93765],\n",
       "  'focal_length': [716.9193, 716.9193]},\n",
       " '2328063198857': {'camera_to_world': array([[ 8.80819410e-02,  9.86617804e-01,  1.37208819e-01,\n",
       "          -2.49907875e+00],\n",
       "         [-8.33913863e-01, -2.30206875e-03,  5.51889002e-01,\n",
       "           9.95893124e-03],\n",
       "         [ 5.44819415e-01, -1.63031876e-01,  8.22551966e-01,\n",
       "          -2.80849814e+00],\n",
       "         [ 0.00000000e+00,  0.00000000e+00,  0.00000000e+00,\n",
       "           1.00000000e+00]]),\n",
       "  'principal_point': [513.85126, 384.94617],\n",
       "  'focal_length': [713.8636, 713.8636]},\n",
       " '2328064215906': {'camera_to_world': array([[-0.12079785,  0.98735881, -0.10261614, -2.49798059],\n",
       "         [-0.81195283, -0.03880587,  0.5824315 ,  0.00402028],\n",
       "         [ 0.57108682,  0.15367596,  0.80637681, -3.12696099],\n",
       "         [ 0.        ,  0.        ,  0.        ,  1.        ]]),\n",
       "  'principal_point': [513.7606, 385.1493],\n",
       "  'focal_length': [714.19556, 714.19556]},\n",
       " '2327704711987': {'camera_to_world': array([[-0.07807785,  0.96249849, -0.25980616, -0.17741121],\n",
       "         [-0.94557846,  0.01107675,  0.32520416, -0.00434647],\n",
       "         [ 0.31588668,  0.27105844,  0.90925324, -0.08096138],\n",
       "         [ 0.        ,  0.        ,  0.        ,  1.        ]]),\n",
       "  'principal_point': [514.3145, 385.0362],\n",
       "  'focal_length': [713.58246, 713.58246]},\n",
       " '2327970964043': {'camera_to_world': array([[ 0.10820603,  0.59268987, -0.7981289 ,  0.0803688 ],\n",
       "         [-0.99388236,  0.04663795, -0.10011193,  0.01230069],\n",
       "         [-0.02211225,  0.80407894,  0.59411085, -1.20152247],\n",
       "         [ 0.        ,  0.        ,  0.        ,  1.        ]]),\n",
       "  'principal_point': [514.53784, 385.13336],\n",
       "  'focal_length': [725.0192, 725.0192]},\n",
       " '2328029969663': {'camera_to_world': array([[ 0.28588063,  0.95740443, -0.04060074, -3.58019829],\n",
       "         [-0.51335764,  0.11723699, -0.85012865,  0.20918241],\n",
       "         [-0.80915725,  0.26387811,  0.52500695, -2.97255468],\n",
       "         [ 0.        ,  0.        ,  0.        ,  1.        ]]),\n",
       "  'principal_point': [512.8728, 385.3985],\n",
       "  'focal_length': [718.65845, 718.65845]},\n",
       " '2327812286908': {'camera_to_world': array([[-0.27286646, -0.89138031, -0.36191976, -3.90553188],\n",
       "         [-0.78966945, -0.00735871,  0.61348915, -0.03965723],\n",
       "         [-0.54951501,  0.45319724, -0.70188773, -6.7730999 ],\n",
       "         [ 0.        ,  0.        ,  0.        ,  1.        ]]),\n",
       "  'principal_point': [513.7122, 385.11578],\n",
       "  'focal_length': [714.78326, 714.78326]},\n",
       " '2328083723215': {'camera_to_world': array([[-4.81191963e-01,  7.95206904e-01,  3.68917674e-01,\n",
       "          -1.38686204e+00],\n",
       "         [-6.10674322e-01, -2.15475261e-03, -7.91878939e-01,\n",
       "           1.51184350e-01],\n",
       "         [-6.28912508e-01, -6.06334209e-01,  4.86649334e-01,\n",
       "          -4.79293633e+00],\n",
       "         [ 0.00000000e+00,  0.00000000e+00,  0.00000000e+00,\n",
       "           1.00000000e+00]]),\n",
       "  'principal_point': [512.98883, 385.18484],\n",
       "  'focal_length': [716.2586, 716.2586]},\n",
       " '2327935800747': {'camera_to_world': array([[ 0.39563203,  0.07113986,  0.91564929,  1.29517317],\n",
       "         [-0.9173702 , -0.01678118,  0.3976796 ,  0.15759312],\n",
       "         [ 0.04365655, -0.997325  ,  0.05862244, -1.47674513],\n",
       "         [ 0.        ,  0.        ,  0.        ,  1.        ]]),\n",
       "  'principal_point': [514.2524, 384.94656],\n",
       "  'focal_length': [723.8042, 723.8042]},\n",
       " '2328090242324': {'camera_to_world': array([[ 0.04322873, -0.59450155,  0.80293167, -1.77350271],\n",
       "         [-0.99882239, -0.00800429,  0.04784875,  0.10192438],\n",
       "         [-0.02201926, -0.8040545 , -0.59414768, -5.3776679 ],\n",
       "         [ 0.        ,  0.        ,  0.        ,  1.        ]]),\n",
       "  'principal_point': [514.4795, 385.16928],\n",
       "  'focal_length': [712.9615, 712.9615]},\n",
       " '2327898136416': {'camera_to_world': array([[ 0.23121068, -0.78753108,  0.57125813,  1.05346107],\n",
       "         [-0.93585181, -0.01953135,  0.3518506 , -0.03091989],\n",
       "         [-0.26593587, -0.61596495, -0.74152863, -3.44048166],\n",
       "         [ 0.        ,  0.        ,  0.        ,  1.        ]]),\n",
       "  'principal_point': [514.21436, 385.11407],\n",
       "  'focal_length': [715.1071, 715.1071]},\n",
       " '2328065032879': {'camera_to_world': array([[-0.18084408,  0.75754321, -0.6272347 , -2.49697208],\n",
       "         [-0.95184839,  0.02571034,  0.30548835,  0.01759856],\n",
       "         [ 0.24754708,  0.6522783 ,  0.71641713, -3.39849162],\n",
       "         [ 0.        ,  0.        ,  0.        ,  1.        ]]),\n",
       "  'principal_point': [514.0415, 385.00424],\n",
       "  'focal_length': [713.5666, 713.5666]},\n",
       " '2327961877281': {'camera_to_world': array([[-0.06687411,  0.87882549, -0.47243431,  0.37668979],\n",
       "         [-0.9555977 ,  0.07977762,  0.28367001,  0.16650695],\n",
       "         [ 0.28698596,  0.47042716,  0.83446884, -0.95251924],\n",
       "         [ 0.        ,  0.        ,  0.        ,  1.        ]]),\n",
       "  'principal_point': [514.3296, 385.14304],\n",
       "  'focal_length': [722.6099, 722.6099]},\n",
       " '2327914242555': {'camera_to_world': array([[ 0.4243027 , -0.5876323 ,  0.68895131,  1.58178806],\n",
       "         [-0.8333841 ,  0.04416538,  0.55092478,  0.17328627],\n",
       "         [-0.35416919, -0.80792081, -0.47098461, -2.45920992],\n",
       "         [ 0.        ,  0.        ,  0.        ,  1.        ]]),\n",
       "  'principal_point': [513.82733, 385.26306],\n",
       "  'focal_length': [716.2825, 716.2825]},\n",
       " '2328056029499': {'camera_to_world': array([[ 0.60042685,  0.70595956,  0.37564418, -1.78434479],\n",
       "         [-0.52715349, -0.00381163,  0.84976113, -0.10472307],\n",
       "         [ 0.60132909, -0.70824182,  0.36986044, -1.78706229],\n",
       "         [ 0.        ,  0.        ,  0.        ,  1.        ]]),\n",
       "  'principal_point': [513.2, 385.0514],\n",
       "  'focal_length': [714.4639, 714.4639]},\n",
       " '2327973414968': {'camera_to_world': array([[ 0.02127612,  0.99368447, -0.11017007, -0.15905279],\n",
       "         [-0.99973428,  0.02211196,  0.00637036,  0.04709336],\n",
       "         [ 0.0087662 ,  0.11000533,  0.99389207, -1.09767711],\n",
       "         [ 0.        ,  0.        ,  0.        ,  1.        ]]),\n",
       "  'principal_point': [514.53644, 385.0435],\n",
       "  'focal_length': [714.7863, 714.7863]},\n",
       " '2327845783076': {'camera_to_world': array([[ 0.40973285, -0.36535487,  0.83584338, -1.48719776],\n",
       "         [-0.89968354, -0.01055484,  0.43641412, -0.19407524],\n",
       "         [-0.15062393, -0.93080771, -0.33302867, -5.68287182],\n",
       "         [ 0.        ,  0.        ,  0.        ,  1.        ]]),\n",
       "  'principal_point': [514.17053, 385.07983],\n",
       "  'focal_length': [715.3883, 715.3883]},\n",
       " '2327867207934': {'camera_to_world': array([[ 0.35239148, -0.84364396,  0.40507466, -0.46513993],\n",
       "         [-0.81655324, -0.06570113,  0.57351905,  0.08064327],\n",
       "         [-0.457232  , -0.53286844, -0.71203244, -3.9561975 ],\n",
       "         [ 0.        ,  0.        ,  0.        ,  1.        ]]),\n",
       "  'principal_point': [513.822, 384.81747],\n",
       "  'focal_length': [717.54034, 717.54034]},\n",
       " '2327789694900': {'camera_to_world': array([[-0.66402513,  0.05503801, -0.74568146, -4.52870274],\n",
       "         [-0.74764317, -0.06218863,  0.66118175, -0.04986671],\n",
       "         [-0.0099828 ,  0.99654543,  0.08244362, -5.21478701],\n",
       "         [ 0.        ,  0.        ,  0.        ,  1.        ]]),\n",
       "  'principal_point': [513.5962, 384.8903],\n",
       "  'focal_length': [715.6837, 715.6837]},\n",
       " '2328054278841': {'camera_to_world': array([[ 0.03255887,  0.99942505,  0.00942683, -1.51255608],\n",
       "         [-0.83066255,  0.0218134 ,  0.55634779,  0.00266338],\n",
       "         [ 0.55582243, -0.02594459,  0.83089542, -1.48992026],\n",
       "         [ 0.        ,  0.        ,  0.        ,  1.        ]]),\n",
       "  'principal_point': [513.83875, 385.03156],\n",
       "  'focal_length': [716.2777, 716.2777]},\n",
       " '2328068767613': {'camera_to_world': array([[-4.94817108e-01, -2.71580219e-01, -8.25469792e-01,\n",
       "          -2.02125406e+00],\n",
       "         [-8.58990133e-01,  9.11822729e-03,  5.11910677e-01,\n",
       "          -2.19429703e-03],\n",
       "         [-1.31498009e-01,  9.62372661e-01, -2.37796664e-01,\n",
       "          -4.38810110e+00],\n",
       "         [ 0.00000000e+00,  0.00000000e+00,  0.00000000e+00,\n",
       "           1.00000000e+00]]),\n",
       "  'principal_point': [514.0758, 385.00174],\n",
       "  'focal_length': [712.6645, 712.6645]},\n",
       " '2327956858720': {'camera_to_world': array([[ 0.05636979,  0.99127275,  0.11916422,  0.75962204],\n",
       "         [-0.88171124, -0.00657041,  0.47174332,  0.25039902],\n",
       "         [ 0.46840948, -0.13166057,  0.87364614, -1.04077923],\n",
       "         [ 0.        ,  0.        ,  0.        ,  1.        ]]),\n",
       "  'principal_point': [514.07104, 384.90338],\n",
       "  'focal_length': [726.5534, 726.5534]},\n",
       " '2328047526299': {'camera_to_world': array([[ 0.12565796, -0.69782013, -0.70516443, -2.17273617],\n",
       "         [-0.96224231,  0.08726532, -0.25782499,  0.13473661],\n",
       "         [ 0.24145187,  0.71093696, -0.66050696, -1.46112967],\n",
       "         [ 0.        ,  0.        ,  0.        ,  1.        ]]),\n",
       "  'principal_point': [513.8703, 385.42215],\n",
       "  'focal_length': [716.01245, 716.01245]},\n",
       " '2327933866680': {'camera_to_world': array([[ 0.256006  ,  0.35763082,  0.89808697,  1.40953529],\n",
       "         [-0.95257074, -0.06479273,  0.29733831,  0.16593203],\n",
       "         [ 0.16452698, -0.93161184,  0.32408148, -1.18278217],\n",
       "         [ 0.        ,  0.        ,  0.        ,  1.        ]]),\n",
       "  'principal_point': [514.27325, 384.90918],\n",
       "  'focal_length': [718.128, 718.128]},\n",
       " '2327858187820': {'camera_to_world': array([[ 0.27056009, -0.81556475,  0.51151806, -0.99985623],\n",
       "         [-0.84194195,  0.0571965 ,  0.53652728, -0.10451062],\n",
       "         [-0.4668299 , -0.57583171, -0.67118341, -4.32876015],\n",
       "         [ 0.        ,  0.        ,  0.        ,  1.        ]]),\n",
       "  'principal_point': [513.653, 385.11545],\n",
       "  'focal_length': [718.1502, 718.1502]},\n",
       " '2327832911480': {'camera_to_world': array([[ 0.20337375, -0.48796168,  0.84884149, -1.84367704],\n",
       "         [-0.97411495, -0.01346305,  0.22564882, -0.10039297],\n",
       "         [-0.09868   , -0.87276101, -0.47806901, -6.47554159],\n",
       "         [ 0.        ,  0.        ,  0.        ,  1.        ]]),\n",
       "  'principal_point': [514.38293, 384.9823],\n",
       "  'focal_length': [712.9552, 712.9552]},\n",
       " '2327760133504': {'camera_to_world': array([[-0.73796171,  0.6457237 , -0.19609118, -1.89821863],\n",
       "         [-0.30993348, -0.06618372,  0.94845182,  0.03922432],\n",
       "         [ 0.59945965,  0.76069641,  0.24897291, -3.30464339],\n",
       "         [ 0.        ,  0.        ,  0.        ,  1.        ]]),\n",
       "  'principal_point': [512.0254, 385.10757],\n",
       "  'focal_length': [721.40924, 721.40924]},\n",
       " '2328056629725': {'camera_to_world': array([[ 0.68670672,  0.65994453,  0.30480611, -1.8283056 ],\n",
       "         [-0.38553375, -0.02483847,  0.92235959, -0.14017257],\n",
       "         [ 0.6162768 , -0.75090355,  0.23737426, -1.79573178],\n",
       "         [ 0.        ,  0.        ,  0.        ,  1.        ]]),\n",
       "  'principal_point': [512.53925, 384.9499],\n",
       "  'focal_length': [714.7291, 714.7291]},\n",
       " '2328072068849': {'camera_to_world': array([[-0.30363053, -0.80585212, -0.5083409 , -1.19344652],\n",
       "         [-0.83939999, -0.0261858 ,  0.5428825 , -0.0075363 ],\n",
       "         [-0.45079455,  0.59153718, -0.66848183, -4.26547146],\n",
       "         [ 0.        ,  0.        ,  0.        ,  1.        ]]),\n",
       "  'principal_point': [513.8232, 384.9634],\n",
       "  'focal_length': [714.18915, 714.18915]},\n",
       " '2327974732131': {'camera_to_world': array([[ 0.06793582,  0.75382525,  0.65355295, -0.38392833],\n",
       "         [-0.9973312 ,  0.03375312,  0.0647392 ,  0.04912422],\n",
       "         [ 0.02674262, -0.65620685,  0.75410658, -1.24397445],\n",
       "         [ 0.        ,  0.        ,  0.        ,  1.        ]]),\n",
       "  'principal_point': [514.5482, 385.26105],\n",
       "  'focal_length': [714.483, 714.483]},\n",
       " '2327978616928': {'camera_to_world': array([[-0.08197036, -0.73380637,  0.67439485, -0.16824737],\n",
       "         [-0.99362344,  0.00761461, -0.11248609, -0.01710149],\n",
       "         [ 0.07740776, -0.67931575, -0.72975159, -0.92841882],\n",
       "         [ 0.        ,  0.        ,  0.        ,  1.        ]]),\n",
       "  'principal_point': [514.54346, 385.1164],\n",
       "  'focal_length': [715.97906, 715.97906]},\n",
       " '2328054012075': {'camera_to_world': array([[-0.05017018,  0.99286008, -0.10822032, -1.43322837],\n",
       "         [-0.82517326,  0.01983623,  0.56453091,  0.00192544],\n",
       "         [ 0.56264681,  0.11762314,  0.81828678, -1.44585121],\n",
       "         [ 0.        ,  0.        ,  0.        ,  1.        ]]),\n",
       "  'principal_point': [513.87585, 385.1084],\n",
       "  'focal_length': [716.29834, 716.29834]},\n",
       " '2328072935840': {'camera_to_world': array([[-0.08849156, -0.89780068, -0.43141958, -1.11060333],\n",
       "         [-0.99285233,  0.04468124,  0.11066768,  0.03219175],\n",
       "         [-0.08008117,  0.43812916, -0.89533758, -4.26630116],\n",
       "         [ 0.        ,  0.        ,  0.        ,  1.        ]]),\n",
       "  'principal_point': [513.9506, 384.8238],\n",
       "  'focal_length': [715.3454, 715.3454]},\n",
       " '2327949289190': {'camera_to_world': array([[ 0.21708274,  0.5865764 ,  0.78025812,  1.10673523],\n",
       "         [-0.96292204, -0.00247732,  0.26976591,  0.13966042],\n",
       "         [ 0.16017127, -0.80988961,  0.56429011, -1.19197595],\n",
       "         [ 0.        ,  0.        ,  0.        ,  1.        ]]),\n",
       "  'principal_point': [514.3787, 385.0831],\n",
       "  'focal_length': [729.282, 729.282]},\n",
       " '2328087324565': {'camera_to_world': array([[-0.13224621,  0.34714213,  0.92844111, -1.45896971],\n",
       "         [-0.98844051,  0.02386743, -0.14971645,  0.10943627],\n",
       "         [-0.07413241, -0.93750858,  0.33997309, -5.60301018],\n",
       "         [ 0.        ,  0.        ,  0.        ,  1.        ]]),\n",
       "  'principal_point': [514.3572, 385.06796],\n",
       "  'focal_length': [713.8588, 713.8588]},\n",
       " '2327891867357': {'camera_to_world': array([[ 0.01110284, -0.99700516,  0.07652979,  0.33008641],\n",
       "         [-0.85164237,  0.03067842,  0.5232237 ,  0.04197177],\n",
       "         [-0.52400464, -0.0709853 , -0.84875184, -3.41571522],\n",
       "         [ 0.        ,  0.        ,  0.        ,  1.        ]]),\n",
       "  'principal_point': [513.9509, 385.16525],\n",
       "  'focal_length': [717.526, 717.526]},\n",
       " '2328052228070': {'camera_to_world': array([[-3.65516037e-01,  7.10864782e-01, -6.00890279e-01,\n",
       "          -1.23130381e+00],\n",
       "         [-8.26131344e-01,  4.96665426e-02,  5.61284363e-01,\n",
       "          -1.22930668e-03],\n",
       "         [ 4.28841531e-01,  7.01572895e-01,  5.69113672e-01,\n",
       "          -1.22500920e+00],\n",
       "         [ 0.00000000e+00,  0.00000000e+00,  0.00000000e+00,\n",
       "           1.00000000e+00]]),\n",
       "  'principal_point': [513.8063, 385.12216],\n",
       "  'focal_length': [714.799, 714.799]},\n",
       " '2328016981417': {'camera_to_world': array([[-0.4385519 ,  0.66068298,  0.60923672, -2.9535265 ],\n",
       "         [-0.73904914,  0.12059041, -0.6627695 ,  0.17320049],\n",
       "         [-0.51134896, -0.74091482,  0.43539232, -2.35590363],\n",
       "         [ 0.        ,  0.        ,  0.        ,  1.        ]]),\n",
       "  'principal_point': [513.52234, 385.5719],\n",
       "  'focal_length': [714.76404, 714.76404]},\n",
       " '2328027085238': {'camera_to_world': array([[-0.61359996,  0.7671085 ,  0.18718715, -3.57487011],\n",
       "         [-0.35175827, -0.05331629, -0.93457121,  0.21211001],\n",
       "         [-0.70693719, -0.63929766,  0.30255187, -2.63778067],\n",
       "         [ 0.        ,  0.        ,  0.        ,  1.        ]]),\n",
       "  'principal_point': [511.9035, 384.7189],\n",
       "  'focal_length': [722.6639, 722.6639]},\n",
       " '2328038289477': {'camera_to_world': array([[ 0.48453882, -0.52858239, -0.69700921, -2.64661527],\n",
       "         [-0.78515071,  0.08852407, -0.61294454,  0.12669441],\n",
       "         [ 0.38569418,  0.84425294, -0.37212366, -2.94443107],\n",
       "         [ 0.        ,  0.        ,  0.        ,  1.        ]]),\n",
       "  'principal_point': [513.73956, 385.2917],\n",
       "  'focal_length': [715.3739, 715.3739]},\n",
       " '2328010578997': {'camera_to_world': array([[ 0.0170658 ,  0.09864821,  0.99497581, -1.7380445 ],\n",
       "         [-0.99822772, -0.05504872,  0.02257947,  0.10401328],\n",
       "         [ 0.05699958, -0.99359804,  0.09753403, -2.37142706],\n",
       "         [ 0.        ,  0.        ,  0.        ,  1.        ]]),\n",
       "  'principal_point': [514.483, 384.78995],\n",
       "  'focal_length': [716.8875, 716.8875]},\n",
       " '2327804900742': {'camera_to_world': array([[-3.38158667e-01, -6.21429645e-02, -9.39034700e-01,\n",
       "          -5.02659607e+00],\n",
       "         [-9.41078544e-01,  2.68365312e-02,  3.37119073e-01,\n",
       "           5.48556796e-04],\n",
       "         [ 4.25084867e-03,  9.97705817e-01, -6.75564930e-02,\n",
       "          -6.15385771e+00],\n",
       "         [ 0.00000000e+00,  0.00000000e+00,  0.00000000e+00,\n",
       "           1.00000000e+00]]),\n",
       "  'principal_point': [514.27106, 385.04825],\n",
       "  'focal_length': [710.8063, 710.8063]},\n",
       " '2328035321688': {'camera_to_world': array([[ 0.50176924, -0.50834262, -0.69986802, -3.2151742 ],\n",
       "         [-0.72059327,  0.20193303, -0.66330075,  0.13342005],\n",
       "         [ 0.47851041,  0.83714432, -0.26498461, -3.37124419],\n",
       "         [ 0.        ,  0.        ,  0.        ,  1.        ]]),\n",
       "  'principal_point': [513.2802, 385.76855],\n",
       "  'focal_length': [716.89075, 716.89075]},\n",
       " '2327853335965': {'camera_to_world': array([[ 0.53118187, -0.38683066,  0.75379491, -1.40714097],\n",
       "         [-0.81107986,  0.02503836,  0.58439833, -0.18116665],\n",
       "         [-0.24493709, -0.92181009, -0.30045074, -4.69617653],\n",
       "         [ 0.        ,  0.        ,  0.        ,  1.        ]]),\n",
       "  'principal_point': [513.8264, 385.09012],\n",
       "  'focal_length': [713.60156, 713.60156]},\n",
       " '2328079921791': {'camera_to_world': array([[-0.8102473 , -0.32110804,  0.49029452, -0.92757678],\n",
       "         [-0.53725332,  0.07262165, -0.8402884 ,  0.18722573],\n",
       "         [ 0.23421738, -0.94425386, -0.23135795, -4.27346992],\n",
       "         [ 0.        ,  0.        ,  0.        ,  1.        ]]),\n",
       "  'principal_point': [512.6106, 385.42688],\n",
       "  'focal_length': [717.7769, 717.7769]},\n",
       " '2328055045796': {'camera_to_world': array([[ 0.26604447,  0.90642411,  0.32804778, -1.53936267],\n",
       "         [-0.80599684,  0.02249885,  0.59149158,  0.01436937],\n",
       "         [ 0.52876157, -0.4217687 ,  0.736561  , -1.48499238],\n",
       "         [ 0.        ,  0.        ,  0.        ,  1.        ]]),\n",
       "  'principal_point': [513.85486, 385.1939],\n",
       "  'focal_length': [715.3677, 715.3677]},\n",
       " '2327749779506': {'camera_to_world': array([[-0.57293141,  0.67659098, -0.46257123, -2.26854634],\n",
       "         [-0.60460472,  0.03214955,  0.79587543,  0.08654936],\n",
       "         [ 0.55335444,  0.73565519,  0.3906512 , -3.06411815],\n",
       "         [ 0.        ,  0.        ,  0.        ,  1.        ]]),\n",
       "  'principal_point': [513.06573, 385.1462],\n",
       "  'focal_length': [718.6901, 718.6901]},\n",
       " '2327980500972': {'camera_to_world': array([[-0.0719664 , -0.43123278,  0.89936608,  0.07473991],\n",
       "         [-0.99722362,  0.01384686, -0.07315761, -0.01861547],\n",
       "         [ 0.01909456, -0.90213412, -0.43103257, -0.65430248],\n",
       "         [ 0.        ,  0.        ,  0.        ,  1.        ]]),\n",
       "  'principal_point': [514.47314, 385.1231],\n",
       "  'focal_length': [716.6112, 716.6112]},\n",
       " '2327981234582': {'camera_to_world': array([[-0.06898107, -0.30220988,  0.95074219,  0.16704711],\n",
       "         [-0.99760264,  0.01571825, -0.06738476, -0.02642688],\n",
       "         [ 0.00542034, -0.95311117, -0.30256996, -0.66791505],\n",
       "         [ 0.        ,  0.        ,  0.        ,  1.        ]]),\n",
       "  'principal_point': [514.5049, 385.0877],\n",
       "  'focal_length': [716.2904, 716.2904]},\n",
       " '2328055445947': {'camera_to_world': array([[ 0.43125167,  0.81358486,  0.39000237, -1.59167147],\n",
       "         [-0.6969291 ,  0.02587062,  0.71667272, -0.0137399 ],\n",
       "         [ 0.57298428, -0.58087057,  0.57816786, -1.5855912 ],\n",
       "         [ 0.        ,  0.        ,  0.        ,  1.        ]]),\n",
       "  'principal_point': [513.70044, 385.16727],\n",
       "  'focal_length': [714.76886, 714.76886]},\n",
       " '2327735223878': {'camera_to_world': array([[-0.16876486,  0.9455409 , -0.2783362 , -1.96264589],\n",
       "         [-0.86375165, -0.00584013,  0.5038833 ,  0.01455039],\n",
       "         [ 0.47481653,  0.32545125,  0.81769842, -1.84779644],\n",
       "         [ 0.        ,  0.        ,  0.        ,  1.        ]]),\n",
       "  'principal_point': [514.01685, 385.05847],\n",
       "  'focal_length': [715.39465, 715.39465]},\n",
       " '2327873993861': {'camera_to_world': array([[ 0.08785664, -0.81131321,  0.57797217, -0.34036312],\n",
       "         [-0.97010493,  0.06208071,  0.23460856, -0.40951183],\n",
       "         [-0.22622187, -0.58130568, -0.78160542, -3.84304547],\n",
       "         [ 0.        ,  0.        ,  0.        ,  1.        ]]),\n",
       "  'principal_point': [514.3352, 385.23166],\n",
       "  'focal_length': [719.335, 719.335]},\n",
       " '2327782542145': {'camera_to_world': array([[-0.48480335,  0.63706142, -0.59926414, -4.32216406],\n",
       "         [-0.78174794, -0.00836673,  0.62353802, -0.06747689],\n",
       "         [ 0.39221832,  0.77076674,  0.50207824, -4.51227903],\n",
       "         [ 0.        ,  0.        ,  0.        ,  1.        ]]),\n",
       "  'principal_point': [513.63416, 384.96408],\n",
       "  'focal_length': [716.2936, 716.2936]},\n",
       " '2327937334662': {'camera_to_world': array([[ 0.42750233, -0.1018329 ,  0.89825994,  1.21287811],\n",
       "         [-0.90175343,  0.02218862,  0.43168005,  0.16350685],\n",
       "         [-0.06389043, -0.99455357, -0.0823425 , -1.56546271],\n",
       "         [ 0.        ,  0.        ,  0.        ,  1.        ]]),\n",
       "  'principal_point': [514.1058, 385.17493],\n",
       "  'focal_length': [726.55817, 726.55817]},\n",
       " '2328048526676': {'camera_to_world': array([[-0.14910202, -0.61647731, -0.77312595, -1.9994024 ],\n",
       "         [-0.98257709,  0.00463863,  0.18579714,  0.05376822],\n",
       "         [-0.11095355,  0.7873584 , -0.6064285 , -1.40454113],\n",
       "         [ 0.        ,  0.        ,  0.        ,  1.        ]]),\n",
       "  'principal_point': [514.48364, 385.30664],\n",
       "  'focal_length': [712.92816, 712.92816]},\n",
       " '2327923512750': {'camera_to_world': array([[ 0.33863518, -0.13525432,  0.93114465,  1.6904906 ],\n",
       "         [-0.94000876, -0.00516599,  0.34110832,  0.1574823 ],\n",
       "         [-0.04132614, -0.99079645, -0.12888972, -1.64903414],\n",
       "         [ 0.        ,  0.        ,  0.        ,  1.        ]]),\n",
       "  'principal_point': [514.26276, 385.10806],\n",
       "  'focal_length': [717.51013, 717.51013]},\n",
       " '2327945737845': {'camera_to_world': array([[ 0.3014473 ,  0.14045264,  0.94308084,  1.19744468],\n",
       "         [-0.95306689,  0.01519829,  0.30237579,  0.14855531],\n",
       "         [ 0.02813628, -0.98997027,  0.13844235, -1.44822288],\n",
       "         [ 0.        ,  0.        ,  0.        ,  1.        ]]),\n",
       "  'principal_point': [514.3176, 385.0776],\n",
       "  'focal_length': [733.5003, 733.5003]},\n",
       " '2328052928334': {'camera_to_world': array([[-0.23433959,  0.87620825, -0.4211219 , -1.27738023],\n",
       "         [-0.84426904,  0.03133441,  0.53500229,  0.00778453],\n",
       "         [ 0.48196918,  0.48091248,  0.73241293, -1.2538023 ],\n",
       "         [ 0.        ,  0.        ,  0.        ,  1.        ]]),\n",
       "  'principal_point': [513.8887, 385.16583],\n",
       "  'focal_length': [716.3094, 716.3094]},\n",
       " '2328031403539': {'camera_to_world': array([[ 0.68034208,  0.61311334, -0.40153012, -3.63734531],\n",
       "         [-0.59161711,  0.13606729, -0.79465407,  0.20882007],\n",
       "         [-0.43257788,  0.77818829,  0.45530087, -3.19002604],\n",
       "         [ 0.        ,  0.        ,  0.        ,  1.        ]]),\n",
       "  'principal_point': [512.9573, 385.4529],\n",
       "  'focal_length': [719.5987, 719.5987]},\n",
       " '2327973098182': {'camera_to_world': array([[ 0.02405717,  0.95914453, -0.28189024, -0.09692305],\n",
       "         [-0.99944824,  0.01662457, -0.02872944,  0.04298924],\n",
       "         [-0.02286938,  0.28242591,  0.95901644, -1.09698224],\n",
       "         [ 0.        ,  0.        ,  0.        ,  1.        ]]),\n",
       "  'principal_point': [514.5275, 385.013],\n",
       "  'focal_length': [715.644, 715.644]},\n",
       " '2327795897285': {'camera_to_world': array([[-0.42774415,  0.13994308, -0.8930012 , -4.97318077],\n",
       "         [-0.90021384,  0.02317072,  0.43483058, -0.04860712],\n",
       "         [ 0.08154295,  0.98988831,  0.1160676 , -5.41729975],\n",
       "         [ 0.        ,  0.        ,  0.        ,  1.        ]]),\n",
       "  'principal_point': [514.10126, 385.1829],\n",
       "  'focal_length': [713.86194, 713.86194]},\n",
       " '2327936767781': {'camera_to_world': array([[ 0.45237157, -0.01180227,  0.8917504 ,  1.24440324],\n",
       "         [-0.89176661,  0.00578417,  0.45245633,  0.15588188],\n",
       "         [-0.01049806, -0.99991262, -0.00790828, -1.48432589],\n",
       "         [ 0.        ,  0.        ,  0.        ,  1.        ]]),\n",
       "  'principal_point': [514.0988, 385.01315],\n",
       "  'focal_length': [725.61475, 725.61475]},\n",
       " '2327961643860': {'camera_to_world': array([[-0.03694196,  0.91619724, -0.39902002,  0.433276  ],\n",
       "         [-0.95711452,  0.08237301,  0.27774963,  0.17763464],\n",
       "         [ 0.28734198,  0.3921687 ,  0.8738634 , -0.94623059],\n",
       "         [ 0.        ,  0.        ,  0.        ,  1.        ]]),\n",
       "  'principal_point': [514.3787, 385.063],\n",
       "  'focal_length': [722.5861, 722.5861]},\n",
       " '2327699159803': {'camera_to_world': array([[-0.10008767,  0.93941706, -0.32783839, -0.10298705],\n",
       "         [-0.94790769,  0.01011773,  0.31838441, -0.07598228],\n",
       "         [ 0.30241272,  0.34262687,  0.88946801, -0.02184475],\n",
       "         [ 0.        ,  0.        ,  0.        ,  1.        ]]),\n",
       "  'principal_point': [514.30334, 385.04236],\n",
       "  'focal_length': [713.8715, 713.8715]},\n",
       " '2327841848237': {'camera_to_world': array([[ 0.16441184, -0.72696894,  0.66669625, -1.55458784],\n",
       "         [-0.96647501,  0.01641061,  0.25623348, -0.19523881],\n",
       "         [-0.19721483, -0.68647355, -0.69989949, -5.97381735],\n",
       "         [ 0.        ,  0.        ,  0.        ,  1.        ]]),\n",
       "  'principal_point': [514.3831, 385.07877],\n",
       "  'focal_length': [713.8826, 713.8826]},\n",
       " '2327802549840': {'camera_to_world': array([[-0.16900468,  0.59508598, -0.78569007, -5.16895676],\n",
       "         [-0.97978306, -0.01485037,  0.19950707,  0.01354637],\n",
       "         [ 0.10705616,  0.80352384,  0.58556557, -5.98791265],\n",
       "         [ 0.        ,  0.        ,  0.        ,  1.        ]]),\n",
       "  'principal_point': [514.4091, 384.97195],\n",
       "  'focal_length': [710.8269, 710.8269]},\n",
       " '2328069984735': {'camera_to_world': array([[-0.54087645, -0.49656919, -0.67887521, -1.70013022],\n",
       "         [-0.77019835, -0.03194685,  0.6370036 , -0.01618938],\n",
       "         [-0.33800435,  0.86740887, -0.36517751, -4.43761015],\n",
       "         [ 0.        ,  0.        ,  0.        ,  1.        ]]),\n",
       "  'principal_point': [513.7602, 385.04202],\n",
       "  'focal_length': [713.26324, 713.26324]},\n",
       " '2328092509839': {'camera_to_world': array([[ 0.01776401, -0.82314998,  0.56754607, -2.2274065 ],\n",
       "         [-0.99881709,  0.01108829,  0.04734475,  0.11732779],\n",
       "         [-0.04526495, -0.5677157 , -0.82197928, -5.55094576],\n",
       "         [ 0.        ,  0.        ,  0.        ,  1.        ]]),\n",
       "  'principal_point': [514.453, 384.92856],\n",
       "  'focal_length': [714.2003, 714.2003]},\n",
       " '2328012579753': {'camera_to_world': array([[-0.12669204,  0.47317529,  0.87181109, -2.00709391],\n",
       "         [-0.98765039,  0.02149234, -0.15519093,  0.09304675],\n",
       "         [-0.09216976, -0.88070595,  0.46460912, -2.58752108],\n",
       "         [ 0.        ,  0.        ,  0.        ,  1.        ]]),\n",
       "  'principal_point': [514.47253, 384.98618],\n",
       "  'focal_length': [712.97894, 712.97894]},\n",
       " '2327861722504': {'camera_to_world': array([[ 0.22328292, -0.85310084,  0.47155342, -0.7952407 ],\n",
       "         [-0.8881762 ,  0.02125508,  0.45900923, -0.06481639],\n",
       "         [-0.40160426, -0.52131206, -0.75295842, -4.13719845],\n",
       "         [ 0.        ,  0.        ,  0.        ,  1.        ]]),\n",
       "  'principal_point': [514.0849, 385.139],\n",
       "  'focal_length': [719.6034, 719.6034]},\n",
       " '2327785559974': {'camera_to_world': array([[-0.57613951,  0.40777501, -0.70836544, -4.47247505],\n",
       "         [-0.78522146, -0.03553585,  0.61819327, -0.05136245],\n",
       "         [ 0.2269114 ,  0.91239023,  0.34066758, -4.78910065],\n",
       "         [ 0.        ,  0.        ,  0.        ,  1.        ]]),\n",
       "  'principal_point': [513.70996, 384.88754],\n",
       "  'focal_length': [716.0188, 716.0188]},\n",
       " '2327766352572': {'camera_to_world': array([[ 0.01200277,  0.99872494,  0.04901876, -2.397053  ],\n",
       "         [-0.73499262, -0.02442597,  0.67763287,  0.03180084],\n",
       "         [ 0.67796707, -0.04416196,  0.73376268, -3.25725889],\n",
       "         [ 0.        ,  0.        ,  0.        ,  1.        ]]),\n",
       "  'principal_point': [513.3967, 384.82053],\n",
       "  'focal_length': [713.8938, 713.8938]},\n",
       " '2328054495590': {'camera_to_world': array([[ 1.02363288e-01,  9.87864316e-01,  1.16810322e-01,\n",
       "          -1.57085752e+00],\n",
       "         [-8.24302912e-01,  1.85063388e-02,  5.65845609e-01,\n",
       "           7.00507546e-04],\n",
       "         [ 5.56817293e-01, -1.54208958e-01,  8.16194534e-01,\n",
       "          -1.51646602e+00],\n",
       "         [ 0.00000000e+00,  0.00000000e+00,  0.00000000e+00,\n",
       "           1.00000000e+00]]),\n",
       "  'principal_point': [513.8432, 385.0515],\n",
       "  'focal_length': [716.0061, 716.0061]},\n",
       " '2327927497596': {'camera_to_world': array([[ 0.32556361,  0.29554939,  0.89814156,  1.70412207],\n",
       "         [-0.93258131, -0.05623139,  0.35655171,  0.14203936],\n",
       "         [ 0.15588246, -0.95367044,  0.25731719, -1.17425394],\n",
       "         [ 0.        ,  0.        ,  0.        ,  1.        ]]),\n",
       "  'principal_point': [514.239, 384.93054],\n",
       "  'focal_length': [717.18774, 717.18774]},\n",
       " '2327803516878': {'camera_to_world': array([[-0.18889166,  0.43540481, -0.88019443, -5.25442028],\n",
       "         [-0.97486669,  0.02467316,  0.221414  ,  0.01938269],\n",
       "         [ 0.11812185,  0.89989603,  0.41980174, -6.12534428],\n",
       "         [ 0.        ,  0.        ,  0.        ,  1.        ]]),\n",
       "  'principal_point': [514.3571, 385.11362],\n",
       "  'focal_length': [710.8063, 710.8063]},\n",
       " '2328049093556': {'camera_to_world': array([[-0.29994956, -0.44600335, -0.84327406, -1.87381995],\n",
       "         [-0.9464516 ,  0.02848121,  0.32158598,  0.0323476 ],\n",
       "         [-0.11941098,  0.89457774, -0.4306637 , -1.28082407],\n",
       "         [ 0.        ,  0.        ,  0.        ,  1.        ]]),\n",
       "  'principal_point': [514.44434, 385.12076],\n",
       "  'focal_length': [712.0784, 712.0784]},\n",
       " '2327918911000': {'camera_to_world': array([[ 0.27954778, -0.53457028,  0.7975508 ,  1.64058089],\n",
       "         [-0.94747615, -0.01916753,  0.31925052,  0.12001784],\n",
       "         [-0.15537472, -0.84490663, -0.51185083, -2.06501889],\n",
       "         [ 0.        ,  0.        ,  0.        ,  1.        ]]),\n",
       "  'principal_point': [514.30725, 385.0325],\n",
       "  'focal_length': [716.59845, 716.59845]},\n",
       " '2328084940338': {'camera_to_world': array([[-0.48792592,  0.773148  ,  0.40517926, -1.42462337],\n",
       "         [-0.62553263,  0.01404009, -0.78007144,  0.13902482],\n",
       "         [-0.60879952, -0.63406986,  0.47677904, -5.18238211],\n",
       "         [ 0.        ,  0.        ,  0.        ,  1.        ]]),\n",
       "  'principal_point': [513.1204, 384.9626],\n",
       "  'focal_length': [715.9728, 715.9728]},\n",
       " '2327886498640': {'camera_to_world': array([[ 0.29607156, -0.90878457,  0.29402748, -0.09792505],\n",
       "         [-0.74768329, -0.02894346,  0.66342342,  0.02757203],\n",
       "         [-0.59439832, -0.41626069, -0.68805289, -3.57828522],\n",
       "         [ 0.        ,  0.        ,  0.        ,  1.        ]]),\n",
       "  'principal_point': [513.48975, 384.97467],\n",
       "  'focal_length': [717.82935, 717.82935]},\n",
       " '2327975198974': {'camera_to_world': array([[ 0.08852355,  0.55097032,  0.82981604, -0.40439528],\n",
       "         [-0.99606568,  0.05225474,  0.07156345,  0.0508138 ],\n",
       "         [-0.00393247, -0.83288646,  0.55342895, -1.30639195],\n",
       "         [ 0.        ,  0.        ,  0.        ,  1.        ]]),\n",
       "  'principal_point': [514.49756, 385.07764],\n",
       "  'focal_length': [713.5777, 713.5777]},\n",
